0.00 1.000000000000000 1.000000000000000 0.000000000000000
0.05 1.051244832434745 1.051271096376024 0.000026263941279
0.10 1.105115697720756 1.105170918075648 0.000055220354892
0.15 1.161747166471463 1.161834242728283 0.000087076256820
0.20 1.221280705348833 1.221402758160170 0.000122052811337
0.25 1.283865030450222 1.284025416687741 0.000160386237520
0.30 1.349656478804472 1.349858807576003 0.000202328771531
0.35 1.418819398905277 1.419067548593257 0.000248149687981
0.40 1.491526561257343 1.491824697641270 0.000298136383927
0.45 1.567959589960948 1.568312185490169 0.000352595529221
0.50 1.648309416412949 1.648721270700128 0.000411854287179
0.55 1.732776756257644 1.733253017867395 0.000476261609751
0.60 1.821572610778889 1.822118800390509 0.000546189611620
0.65 1.914918793985974 1.915540829013896 0.000622035027922
0.70 2.013048486709931 2.013752707470477 0.000704220760546
0.75 2.116206819094398 2.117000016612675 0.000793197518277
0.80 2.224651482936155 2.225540928492468 0.000889445556313
0.85 2.338653375404927 2.339646851925991 0.000993476521063
0.90 2.458497275750505 2.459603111156950 0.001105835406445
0.95 2.584482556687618 2.585709659315846 0.001227102628228
1.00 2.716923932235598 2.718281828459045 0.001357896223447
1.05 2.856152243880961 2.857651118063164 0.001498874182203
1.10 3.002515287026761 3.004166023946433 0.001650736919672
1.15 3.156378679793209 3.158192909689768 0.001814229896559
1.20 3.318126776339816 3.320116922736547 0.001990146396731
1.25 3.488163626990591 3.490342957461841 0.002179330471250
1.30 3.666913987560698 3.669296667619244 0.002382680058546
1.35 3.854824380405870 3.857425530696974 0.002601150291105
1.40 4.052364209845138 4.055199966844675 0.002835756999538
1.45 4.260026934743212 4.263114515168817 0.003087580425605
1.50 4.478331301181632 4.481689070338065 0.003357769156432
1.55 4.707822638297960 4.711470182590742 0.003647544292782
1.60 4.949074220530040 4.953032424395115 0.003958203865075
1.65 5.202688699668216 5.206979827179850 0.004291127511634
1.70 5.469299610292857 5.473947391727200 0.004647781434343
1.75 5.749572952357732 5.754602676005731 0.005029723647999
1.80 6.044208854872648 6.049647464412947 0.005438609540299
1.85 6.353943324841202 6.359819522601832 0.005876197760630
1.90 6.679550085822558 6.685894442279270 0.006344356456712
1.95 7.021842510710020 7.028687580589293 0.006845069879272
2.00 7.381675653554526 7.389056098930650 0.007380445376124
2.05 7.759948385508567 7.767901106306771 0.007952720798204
2.10 8.157605640226226 8.166169912567652 0.008564272341426
2.15 8.575640774328351 8.584858397177893 0.009217622849542
2.20 9.015098048829373 9.025013499434122 0.009915450604749
2.25 9.477075237724431 9.487735836358526 0.010660598634095
2.30 9.962726370253092 9.974182454814724 0.011456084561631
2.35 10.473264613689938 10.485569724727576 0.012305111037637
2.40 11.009965303863225 11.023176380641601 0.013211076778376
2.45 11.574169130972056 11.588346719223392 0.014177588251336
2.50 12.167285488660115 12.182493960703473 0.015208472043359
2.55 12.790795994712212 12.807103782663036 0.016307787950824
2.60 13.446258192168244 13.463738035001692 0.017479842833447
2.65 14.135309440100233 14.154038645375801 0.018729205275568
2.70 14.859671003771441 14.879731724872837 0.020060721101396
2.75 15.621152354395159 15.642631884188171 0.021479529793012
2.80 16.421655689233766 16.444646771097055 0.022991081863289
2.85 17.263180683329637 17.287781840567639 0.024601157238003
2.90 18.147829484737606 18.174145369443060 0.026315884705454
2.95 19.077811965737308 19.105953728231651 0.028141762494343
3.00 20.055451243143107 20.085536923187668 0.030085680044561
3.05 21.083189481501183 21.115344422540616 0.032154941039433
3.10 22.163593993670702 22.197951281441636 0.034357287770934
3.15 23.299363654028088 23.336064580942711 0.036700926914623
3.20 24.493335640314950 24.532530197109352 0.039194556794403
3.25 25.748492520970860 25.790339917193062 0.041847396222202
3.30 27.067969705655315 27.112638920657893 0.044669215002578
3.35 28.455063277570400 28.502733643767282 0.047670366196883
3.40 29.913238227149563 29.964100047397011 0.050861820247448
3.45 31.446137107680475 31.500392308747937 0.054255201067463
3.50 33.057589134483578 33.115451958692312 0.057862824208733
3.55 34.751619750376854 34.813317487602028 0.061697737225174
3.60 36.532460681320892 36.598234443677988 0.065773762357097
3.65 38.404560507364103 38.474666049032123 0.070105541668021
3.70 40.372595775294002 40.447304360067399 0.074708584773397
3.75 42.441482680754667 42.521082000062783 0.079599319308116
3.80 44.616389349012081 44.701184493300836 0.084795144288755
3.85 46.902748745045542 46.993063231579285 0.090314486533742
3.90 49.306272245214359 49.402449105530167 0.096176860315808
3.95 51.832963904402327 51.935366834831441 0.102402930429115
4.00 54.489135454279619 54.598150033144236 0.109014578864617
4.05 57.281422070148317 57.397457045446188 0.116034975297872
4.10 60.216798945757006 60.340287597361950 0.123488651604944
4.15 63.302598717489083 63.434000298123344 0.131401580634261
4.20 66.546529781450758 66.686331040925154 0.139801259474396
4.25 69.956695549214999 70.105412346687856 0.148716797472858
4.30 73.541614690323016 73.699793699595787 0.158179009272772
4.35 77.310242412109261 77.478462925260899 0.168220513151638
4.40 81.271992830007321 81.450868664968141 0.178875834960820
4.45 85.436762484218875 85.626944002200588 0.190181517981713
4.50 89.814955061489783 90.017131300521811 0.202176239032028
4.55 94.417507383750035 94.632408314924064 0.214900931174029
4.60 99.255916728536619 99.484315641933861 0.228398913397243
4.65 104.342269549447508 104.584985577114224 0.242716027666717
4.70 109.689271668369940 109.947172452123525 0.257900783753584
4.75 115.310280014904819 115.584284527187663 0.274004512282843
4.80 121.219335992272235 121.510417518734855 0.291081526462619
4.85 127.431200553047304 127.740389846028918 0.309189292981614
4.90 133.961391072346601 134.289779684935525 0.328388612588924
4.95 140.826220110574411 141.174963921476859 0.348743810902448
5.00 148.042836162559382 148.413159102576600 0.370322940017218
The Data for backward Euler
0.00 1.000000000000000 1.000000000000000 0.000000000000000
0.05 1.051244832434745 1.051271096376024 0.000026263941279
0.10 1.105115697720756 1.105170918075648 0.000055220354892
0.15 1.161747166471463 1.161834242728283 0.000087076256820
0.20 1.221280705348833 1.221402758160170 0.000122052811337
0.25 1.283865030450222 1.284025416687741 0.000160386237520
0.30 1.349656478804472 1.349858807576003 0.000202328771531
0.35 1.418819398905277 1.419067548593257 0.000248149687981
0.40 1.491526561257343 1.491824697641270 0.000298136383927
0.45 1.567959589960948 1.568312185490169 0.000352595529221
0.50 1.648309416412949 1.648721270700128 0.000411854287179
0.55 1.732776756257644 1.733253017867395 0.000476261609751
0.60 1.821572610778889 1.822118800390509 0.000546189611620
0.65 1.914918793985974 1.915540829013896 0.000622035027922
0.70 2.013048486709931 2.013752707470477 0.000704220760546
0.75 2.116206819094398 2.117000016612675 0.000793197518277
0.80 2.224651482936155 2.225540928492468 0.000889445556313
0.85 2.338653375404927 2.339646851925991 0.000993476521063
0.90 2.458497275750505 2.459603111156950 0.001105835406445
0.95 2.584482556687618 2.585709659315846 0.001227102628228
1.00 2.716923932235598 2.718281828459045 0.001357896223447
1.05 2.856152243880961 2.857651118063164 0.001498874182203
1.10 3.002515287026761 3.004166023946433 0.001650736919672
1.15 3.156378679793209 3.158192909689768 0.001814229896559
1.20 3.318126776339816 3.320116922736547 0.001990146396731
1.25 3.488163626990591 3.490342957461841 0.002179330471250
1.30 3.666913987560698 3.669296667619244 0.002382680058546
1.35 3.854824380405870 3.857425530696974 0.002601150291105
1.40 4.052364209845138 4.055199966844675 0.002835756999538
1.45 4.260026934743212 4.263114515168817 0.003087580425605
1.50 4.478331301181632 4.481689070338065 0.003357769156432
1.55 4.707822638297960 4.711470182590742 0.003647544292782
1.60 4.949074220530040 4.953032424395115 0.003958203865075
1.65 5.202688699668216 5.206979827179850 0.004291127511634
1.70 5.469299610292857 5.473947391727200 0.004647781434343
1.75 5.749572952357732 5.754602676005731 0.005029723647999
1.80 6.044208854872648 6.049647464412947 0.005438609540299
1.85 6.353943324841202 6.359819522601832 0.005876197760630
1.90 6.679550085822558 6.685894442279270 0.006344356456712
1.95 7.021842510710020 7.028687580589293 0.006845069879272
2.00 7.381675653554526 7.389056098930650 0.007380445376124
2.05 7.759948385508567 7.767901106306771 0.007952720798204
2.10 8.157605640226226 8.166169912567652 0.008564272341426
2.15 8.575640774328351 8.584858397177893 0.009217622849542
2.20 9.015098048829373 9.025013499434122 0.009915450604749
2.25 9.477075237724431 9.487735836358526 0.010660598634095
2.30 9.962726370253092 9.974182454814724 0.011456084561631
2.35 10.473264613689938 10.485569724727576 0.012305111037637
2.40 11.009965303863225 11.023176380641601 0.013211076778376
2.45 11.574169130972056 11.588346719223392 0.014177588251336
2.50 12.167285488660115 12.182493960703473 0.015208472043359
2.55 12.790795994712212 12.807103782663036 0.016307787950824
2.60 13.446258192168244 13.463738035001692 0.017479842833447
2.65 14.135309440100233 14.154038645375801 0.018729205275568
2.70 14.859671003771441 14.879731724872837 0.020060721101396
2.75 15.621152354395159 15.642631884188171 0.021479529793012
2.80 16.421655689233766 16.444646771097055 0.022991081863289
2.85 17.263180683329637 17.287781840567639 0.024601157238003
2.90 18.147829484737606 18.174145369443060 0.026315884705454
2.95 19.077811965737308 19.105953728231651 0.028141762494343
3.00 20.055451243143107 20.085536923187668 0.030085680044561
3.05 21.083189481501183 21.115344422540616 0.032154941039433
3.10 22.163593993670702 22.197951281441636 0.034357287770934
3.15 23.299363654028088 23.336064580942711 0.036700926914623
3.20 24.493335640314950 24.532530197109352 0.039194556794403
3.25 25.748492520970860 25.790339917193062 0.041847396222202
3.30 27.067969705655315 27.112638920657893 0.044669215002578
3.35 28.455063277570400 28.502733643767282 0.047670366196883
3.40 29.913238227149563 29.964100047397011 0.050861820247448
3.45 31.446137107680475 31.500392308747937 0.054255201067463
3.50 33.057589134483578 33.115451958692312 0.057862824208733
3.55 34.751619750376854 34.813317487602028 0.061697737225174
3.60 36.532460681320892 36.598234443677988 0.065773762357097
3.65 38.404560507364103 38.474666049032123 0.070105541668021
3.70 40.372595775294002 40.447304360067399 0.074708584773397
3.75 42.441482680754667 42.521082000062783 0.079599319308116
3.80 44.616389349012081 44.701184493300836 0.084795144288755
3.85 46.902748745045542 46.993063231579285 0.090314486533742
3.90 49.306272245214359 49.402449105530167 0.096176860315808
3.95 51.832963904402327 51.935366834831441 0.102402930429115
4.00 54.489135454279619 54.598150033144236 0.109014578864617
4.05 57.281422070148317 57.397457045446188 0.116034975297872
4.10 60.216798945757006 60.340287597361950 0.123488651604944
4.15 63.302598717489083 63.434000298123344 0.131401580634261
4.20 66.546529781450758 66.686331040925154 0.139801259474396
4.25 69.956695549214999 70.105412346687856 0.148716797472858
4.30 73.541614690323016 73.699793699595787 0.158179009272772
4.35 77.310242412109261 77.478462925260899 0.168220513151638
4.40 81.271992830007321 81.450868664968141 0.178875834960820
4.45 85.436762484218875 85.626944002200588 0.190181517981713
4.50 89.814955061489783 90.017131300521811 0.202176239032028
4.55 94.417507383750035 94.632408314924064 0.214900931174029
4.60 99.255916728536619 99.484315641933861 0.228398913397243
4.65 104.342269549447508 104.584985577114224 0.242716027666717
4.70 109.689271668369940 109.947172452123525 0.257900783753584
4.75 115.310280014904819 115.584284527187663 0.274004512282843
4.80 121.219335992272235 121.510417518734855 0.291081526462619
4.85 127.431200553047304 127.740389846028918 0.309189292981614
4.90 133.961391072346601 134.289779684935525 0.328388612588924
4.95 140.826220110574411 141.174963921476859 0.348743810902448
5.00 148.042836162559382 148.413159102576600 0.370322940017218
The Data for RK4 Euler
0.00 1.000000000000000 1.000000000000000 0.000000000000000
0.05 1.051271096376023 1.051271096376024 0.000000000000001
0.10 1.105170918075647 1.105170918075648 0.000000000000000
0.15 1.161834242728282 1.161834242728283 0.000000000000001
0.20 1.221402758160168 1.221402758160170 0.000000000000002
0.25 1.284025416687739 1.284025416687741 0.000000000000002
0.30 1.349858807576000 1.349858807576003 0.000000000000003
0.35 1.419067548593253 1.419067548593257 0.000000000000004
0.40 1.491824697641266 1.491824697641270 0.000000000000004
0.45 1.568312185490164 1.568312185490169 0.000000000000005
0.50 1.648721270700122 1.648721270700128 0.000000000000006
0.55 1.733253017867388 1.733253017867395 0.000000000000007
0.60 1.822118800390501 1.822118800390509 0.000000000000008
0.65 1.915540829013887 1.915540829013896 0.000000000000009
0.70 2.013752707470466 2.013752707470477 0.000000000000011
0.75 2.117000016612663 2.117000016612675 0.000000000000012
0.80 2.225540928492454 2.225540928492468 0.000000000000014
0.85 2.339646851925977 2.339646851925991 0.000000000000014
0.90 2.459603111156932 2.459603111156950 0.000000000000018
0.95 2.585709659315827 2.585709659315846 0.000000000000020
1.00 2.718281828459025 2.718281828459045 0.000000000000020
1.05 2.857651118063142 2.857651118063164 0.000000000000022
1.10 3.004166023946409 3.004166023946433 0.000000000000024
1.15 3.158192909689742 3.158192909689768 0.000000000000026
1.20 3.320116922736519 3.320116922736547 0.000000000000028
1.25 3.490342957461809 3.490342957461841 0.000000000000032
1.30 3.669296667619208 3.669296667619244 0.000000000000036
1.35 3.857425530696934 3.857425530696974 0.000000000000040
1.40 4.055199966844630 4.055199966844675 0.000000000000045
1.45 4.263114515168767 4.263114515168817 0.000000000000050
1.50 4.481689070338011 4.481689070338065 0.000000000000053
1.55 4.711470182590685 4.711470182590742 0.000000000000057
1.60 4.953032424395055 4.953032424395115 0.000000000000060
1.65 5.206979827179783 5.206979827179850 0.000000000000067
1.70 5.473947391727129 5.473947391727200 0.000000000000071
1.75 5.754602676005654 5.754602676005731 0.000000000000076
1.80 6.049647464412864 6.049647464412947 0.000000000000083
1.85 6.359819522601742 6.359819522601832 0.000000000000090
1.90 6.685894442279172 6.685894442279270 0.000000000000099
1.95 7.028687580589186 7.028687580589293 0.000000000000107
2.00 7.389056098930537 7.389056098930650 0.000000000000114
2.05 7.767901106306649 7.767901106306771 0.000000000000122
2.10 8.166169912567518 8.166169912567652 0.000000000000133
2.15 8.584858397177749 8.584858397177893 0.000000000000144
2.20 9.025013499433966 9.025013499434122 0.000000000000156
2.25 9.487735836358359 9.487735836358526 0.000000000000167
2.30 9.974182454814541 9.974182454814724 0.000000000000183
2.35 10.485569724727380 10.485569724727576 0.000000000000195
2.40 11.023176380641395 11.023176380641601 0.000000000000206
2.45 11.588346719223164 11.588346719223392 0.000000000000227
2.50 12.182493960703228 12.182493960703473 0.000000000000245
2.55 12.807103782662770 12.807103782663036 0.000000000000266
2.60 13.463738035001414 13.463738035001692 0.000000000000277
2.65 14.154038645375506 14.154038645375801 0.000000000000295
2.70 14.879731724872521 14.879731724872837 0.000000000000316
2.75 15.642631884187834 15.642631884188171 0.000000000000338
2.80 16.444646771096696 16.444646771097055 0.000000000000359
2.85 17.287781840567256 17.287781840567639 0.000000000000384
2.90 18.174145369442652 18.174145369443060 0.000000000000409
2.95 19.105953728231217 19.105953728231651 0.000000000000433
3.00 20.085536923187210 20.085536923187668 0.000000000000458
3.05 21.115344422540126 21.115344422540616 0.000000000000490
3.10 22.197951281441110 22.197951281441636 0.000000000000526
3.15 23.336064580942150 23.336064580942711 0.000000000000561
3.20 24.532530197108748 24.532530197109352 0.000000000000604
3.25 25.790339917192423 25.790339917193062 0.000000000000639
3.30 27.112638920657194 27.112638920657893 0.000000000000700
3.35 28.502733643766536 28.502733643767282 0.000000000000746
3.40 29.964100047396212 29.964100047397011 0.000000000000799
3.45 31.500392308747077 31.500392308747937 0.000000000000860
3.50 33.115451958691395 33.115451958692312 0.000000000000917
3.55 34.813317487601047 34.813317487602028 0.000000000000981
3.60 36.598234443676951 36.598234443677988 0.000000000001037
3.65 38.474666049031022 38.474666049032123 0.000000000001101
3.70 40.447304360066234 40.447304360067399 0.000000000001165
3.75 42.521082000061547 42.521082000062783 0.000000000001236
3.80 44.701184493299493 44.701184493300836 0.000000000001343
3.85 46.993063231577857 46.993063231579285 0.000000000001428
3.90 49.402449105528646 49.402449105530167 0.000000000001521
3.95 51.935366834829829 51.935366834831441 0.000000000001613
4.00 54.598150033142517 54.598150033144236 0.000000000001720
4.05 57.397457045444362 57.397457045446188 0.000000000001826
4.10 60.340287597360039 60.340287597361950 0.000000000001911
4.15 63.434000298121276 63.434000298123344 0.000000000002068
4.20 66.686331040922937 66.686331040925154 0.000000000002217
4.25 70.105412346685540 70.105412346687856 0.000000000002316
4.30 73.699793699593371 73.699793699595787 0.000000000002416
4.35 77.478462925258341 77.478462925260899 0.000000000002558
4.40 81.450868664965427 81.450868664968141 0.000000000002714
4.45 85.626944002197732 85.626944002200588 0.000000000002856
4.50 90.017131300518727 90.017131300521811 0.000000000003084
4.55 94.632408314920838 94.632408314924064 0.000000000003226
4.60 99.484315641930309 99.484315641933861 0.000000000003553
4.65 104.584985577110473 104.584985577114224 0.000000000003752
4.70 109.947172452119531 109.947172452123525 0.000000000003993
4.75 115.584284527183428 115.584284527187663 0.000000000004235
4.80 121.510417518730407 121.510417518734855 0.000000000004448
4.85 127.740389846024129 127.740389846028918 0.000000000004789
4.90 134.289779684930465 134.289779684935525 0.000000000005059
4.95 141.174963921471601 141.174963921476859 0.000000000005258
5.00 148.413159102571001 148.413159102576600 0.000000000005599
The data for Adams Bashforth is
0.00 1.000000000000000 1.000000000000000 0.000000000000000
0.050 1.051271096376007 1.051271096376024 0.000000000000017
0.100 1.105170918075611 1.105170918075648 0.000000000000037
0.150 1.161834242728224 1.161834242728283 0.000000000000059
0.200 1.221402758160087 1.221402758160170 0.000000000000083
0.250 1.284025416687633 1.284025416687741 0.000000000000109
0.300 1.349858807575865 1.349858807576003 0.000000000000138
0.350 1.419067548593087 1.419067548593257 0.000000000000170
0.400 1.491824697641066 1.491824697641270 0.000000000000205
0.450 1.568312185489926 1.568312185490169 0.000000000000242
0.500 1.648721270699845 1.648721270700128 0.000000000000284
0.550 1.733253017867068 1.733253017867395 0.000000000000328
0.600 1.822118800390131 1.822118800390509 0.000000000000377
0.650 1.915540829013465 1.915540829013896 0.000000000000431
0.700 2.013752707469989 2.013752707470477 0.000000000000488
0.750 2.117000016612124 2.117000016612675 0.000000000000551
0.800 2.225540928491849 2.225540928492468 0.000000000000619
0.850 2.339646851925300 2.339646851925991 0.000000000000691
0.900 2.459603111156181 2.459603111156950 0.000000000000769
0.950 2.585709659314994 2.585709659315846 0.000000000000852
1.000 2.718281828458103 2.718281828459045 0.000000000000942
1.050 2.857651118062123 2.857651118063164 0.000000000001041
1.100 3.004166023945287 3.004166023946433 0.000000000001147
1.150 3.158192909688507 3.158192909689768 0.000000000001261
1.200 3.320116922735165 3.320116922736547 0.000000000001382
1.250 3.490342957460328 3.490342957461841 0.000000000001513
1.300 3.669296667617589 3.669296667619244 0.000000000001656
1.350 3.857425530695168 3.857425530696974 0.000000000001807
1.400 4.055199966842705 4.055199966844675 0.000000000001970
1.450 4.263114515166671 4.263114515168817 0.000000000002146
1.500 4.481689070335729 4.481689070338065 0.000000000002335
1.550 4.711470182588203 4.711470182590742 0.000000000002538
1.600 4.953032424392357 4.953032424395115 0.000000000002758
1.650 5.206979827176859 5.206979827179850 0.000000000002990
1.700 5.473947391723962 5.473947391727200 0.000000000003237
1.750 5.754602676002231 5.754602676005731 0.000000000003499
1.800 6.049647464409162 6.049647464412947 0.000000000003785
1.850 6.359819522597743 6.359819522601832 0.000000000004089
1.900 6.685894442274859 6.685894442279270 0.000000000004412
1.950 7.028687580584533 7.028687580589293 0.000000000004760
2.000 7.389056098925518 7.389056098930650 0.000000000005133
2.050 7.767901106301240 7.767901106306771 0.000000000005531
2.100 8.166169912561690 8.166169912567652 0.000000000005961
2.150 8.584858397171480 8.584858397177893 0.000000000006413
2.200 9.025013499427223 9.025013499434122 0.000000000006899
2.250 9.487735836351106 9.487735836358526 0.000000000007420
2.300 9.974182454806748 9.974182454814724 0.000000000007976
2.350 10.485569724719008 10.485569724727576 0.000000000008567
2.400 11.023176380632405 11.023176380641601 0.000000000009196
2.450 11.588346719213520 11.588346719223392 0.000000000009871
2.500 12.182493960692883 12.182493960703473 0.000000000010591
2.550 12.807103782651675 12.807103782663036 0.000000000011362
2.600 13.463738034989518 13.463738035001692 0.000000000012173
2.650 14.154038645362762 14.154038645375801 0.000000000013038
2.700 14.879731724858866 14.879731724872837 0.000000000013971
2.750 15.642631884173220 15.642631884188171 0.000000000014952
2.800 16.444646771081040 16.444646771097055 0.000000000016016
2.850 17.287781840550505 17.287781840567639 0.000000000017135
2.900 18.174145369424735 18.174145369443060 0.000000000018325
2.950 19.105953728212054 19.105953728231651 0.000000000019597
3.000 20.085536923166721 20.085536923187668 0.000000000020947
3.050 21.115344422518238 21.115344422540616 0.000000000022379
3.100 22.197951281417726 22.197951281441636 0.000000000023910
3.150 23.336064580917174 23.336064580942711 0.000000000025537
3.200 24.532530197082064 24.532530197109352 0.000000000027288
3.250 25.790339917163919 25.790339917193062 0.000000000029143
3.300 27.112638920626775 27.112638920657893 0.000000000031118
3.350 28.502733643734075 28.502733643767282 0.000000000033207
3.400 29.964100047361580 29.964100047397011 0.000000000035431
3.450 31.500392308710136 31.500392308747937 0.000000000037801
3.500 33.115451958651988 33.115451958692312 0.000000000040323
3.550 34.813317487558997 34.813317487602028 0.000000000043030
3.600 36.598234443632123 36.598234443677988 0.000000000045866
3.650 38.474666048983259 38.474666049032123 0.000000000048864
3.700 40.447304360015345 40.447304360067399 0.000000000052054
3.750 42.521082000007340 42.521082000062783 0.000000000055444
3.800 44.701184493241740 44.701184493300836 0.000000000059096
3.850 46.993063231516338 46.993063231579285 0.000000000062947
3.900 49.402449105463162 49.402449105530167 0.000000000067004
3.950 51.935366834760096 51.935366834831441 0.000000000071346
4.000 54.598150033068301 54.598150033144236 0.000000000075936
4.050 57.397457045365378 57.397457045446188 0.000000000080810
4.100 60.340287597275967 60.340287597361950 0.000000000085983
4.150 63.434000298031805 63.434000298123344 0.000000000091539
4.200 66.686331040827795 66.686331040925154 0.000000000097359
4.250 70.105412346584302 70.105412346687856 0.000000000103554
4.300 73.699793699485625 73.699793699595787 0.000000000110163
4.350 77.478462925143731 77.478462925260899 0.000000000117168
4.400 81.450868664843611 81.450868664968141 0.000000000124530
4.450 85.626944002068186 85.626944002200588 0.000000000132403
4.500 90.017131300381138 90.017131300521811 0.000000000140673
4.550 94.632408314774608 94.632408314924064 0.000000000149456
4.600 99.484315641774970 99.484315641933861 0.000000000158892
4.650 104.584985576945371 104.584985577114224 0.000000000168853
4.700 109.947172451944084 109.947172452123525 0.000000000179440
4.750 115.584284526997038 115.584284527187663 0.000000000190624
4.800 121.510417518532435 121.510417518734855 0.000000000202419
4.850 127.740389845813837 127.740389846028918 0.000000000215081
4.900 134.289779684707128 134.289779684935525 0.000000000228397
4.950 141.174963921234280 141.174963921476859 0.000000000242579
5.000 148.413159102319099 148.413159102576600 0.000000000257501
The Data for RKF8 Euler
0.00 1.000000000000000 1.000000000000000 0.000000000000000
0.05 1.051271096376024 1.051271096376024 0.000000000000000
0.10 1.105170918075649 1.105170918075648 0.000000000000001
0.15 1.161834242728284 1.161834242728283 0.000000000000001
0.20 1.221402758160171 1.221402758160170 0.000000000000001
0.25 1.284025416687743 1.284025416687741 0.000000000000001
0.30 1.349858807576004 1.349858807576003 0.000000000000001
0.35 1.419067548593258 1.419067548593257 0.000000000000000
0.40 1.491824697641271 1.491824697641270 0.000000000000001
0.45 1.568312185490169 1.568312185490169 0.000000000000000
0.50 1.648721270700129 1.648721270700128 0.000000000000001
0.55 1.733253017867396 1.733253017867395 0.000000000000001
0.60 1.822118800390511 1.822118800390509 0.000000000000002
0.65 1.915540829013897 1.915540829013896 0.000000000000001
0.70 2.013752707470478 2.013752707470477 0.000000000000001
0.75 2.117000016612676 2.117000016612675 0.000000000000001
0.80 2.225540928492469 2.225540928492468 0.000000000000001
0.85 2.339646851925994 2.339646851925991 0.000000000000003
0.90 2.459603111156953 2.459603111156950 0.000000000000004
0.95 2.585709659315850 2.585709659315846 0.000000000000004
1.00 2.718281828459050 2.718281828459045 0.000000000000005
1.05 2.857651118063169 2.857651118063164 0.000000000000005
1.10 3.004166023946437 3.004166023946433 0.000000000000003
1.15 3.158192909689773 3.158192909689768 0.000000000000004
1.20 3.320116922736551 3.320116922736547 0.000000000000004
1.25 3.490342957461845 3.490342957461841 0.000000000000003
1.30 3.669296667619247 3.669296667619244 0.000000000000003
1.35 3.857425530696977 3.857425530696974 0.000000000000003
1.40 4.055199966844678 4.055199966844675 0.000000000000003
1.45 4.263114515168817 4.263114515168817 0.000000000000000
1.50 4.481689070338063 4.481689070338065 0.000000000000002
1.55 4.711470182590740 4.711470182590742 0.000000000000002
1.60 4.953032424395113 4.953032424395115 0.000000000000002
1.65 5.206979827179849 5.206979827179850 0.000000000000001
1.70 5.473947391727200 5.473947391727200 0.000000000000000
1.75 5.754602676005731 5.754602676005731 0.000000000000000
1.80 6.049647464412947 6.049647464412947 0.000000000000001
1.85 6.359819522601832 6.359819522601832 0.000000000000000
1.90 6.685894442279268 6.685894442279270 0.000000000000003
1.95 7.028687580589292 7.028687580589293 0.000000000000001
2.00 7.389056098930648 7.389056098930650 0.000000000000003
2.05 7.767901106306772 7.767901106306771 0.000000000000002
2.10 8.166169912567650 8.166169912567652 0.000000000000002
2.15 8.584858397177898 8.584858397177893 0.000000000000005
2.20 9.025013499434126 9.025013499434122 0.000000000000004
2.25 9.487735836358530 9.487735836358526 0.000000000000004
2.30 9.974182454814727 9.974182454814724 0.000000000000004
2.35 10.485569724727585 10.485569724727576 0.000000000000009
2.40 11.023176380641615 11.023176380641601 0.000000000000014
2.45 11.588346719223402 11.588346719223392 0.000000000000011
2.50 12.182493960703489 12.182493960703473 0.000000000000016
2.55 12.807103782663049 12.807103782663036 0.000000000000012
2.60 13.463738035001708 13.463738035001692 0.000000000000016
2.65 14.154038645375822 14.154038645375801 0.000000000000021
2.70 14.879731724872860 14.879731724872837 0.000000000000023
2.75 15.642631884188194 15.642631884188171 0.000000000000023
2.80 16.444646771097073 16.444646771097055 0.000000000000018
2.85 17.287781840567650 17.287781840567639 0.000000000000011
2.90 18.174145369443096 18.174145369443060 0.000000000000036
2.95 19.105953728231675 19.105953728231651 0.000000000000025
3.00 20.085536923187696 20.085536923187668 0.000000000000028
3.05 21.115344422540652 21.115344422540616 0.000000000000036
3.10 22.197951281441672 22.197951281441636 0.000000000000036
3.15 23.336064580942757 23.336064580942711 0.000000000000046
3.20 24.532530197109406 24.532530197109352 0.000000000000053
3.25 25.790339917193130 25.790339917193062 0.000000000000068
3.30 27.112638920657961 27.112638920657893 0.000000000000068
3.35 28.502733643767350 28.502733643767282 0.000000000000068
3.40 29.964100047397089 29.964100047397011 0.000000000000078
3.45 31.500392308748001 31.500392308747937 0.000000000000064
3.50 33.115451958692397 33.115451958692312 0.000000000000085
3.55 34.813317487602120 34.813317487602028 0.000000000000092
3.60 36.598234443678095 36.598234443677988 0.000000000000107
3.65 38.474666049032230 38.474666049032123 0.000000000000107
3.70 40.447304360067513 40.447304360067399 0.000000000000114
3.75 42.521082000062918 42.521082000062783 0.000000000000135
3.80 44.701184493300964 44.701184493300836 0.000000000000128
3.85 46.993063231579427 46.993063231579285 0.000000000000142
3.90 49.402449105530316 49.402449105530167 0.000000000000149
3.95 51.935366834831576 51.935366834831441 0.000000000000135
4.00 54.598150033144414 54.598150033144236 0.000000000000178
4.05 57.397457045446338 57.397457045446188 0.000000000000149
4.10 60.340287597362099 60.340287597361950 0.000000000000149
4.15 63.434000298123443 63.434000298123344 0.000000000000099
4.20 66.686331040925268 66.686331040925154 0.000000000000114
4.25 70.105412346687999 70.105412346687856 0.000000000000142
4.30 73.699793699595915 73.699793699595787 0.000000000000128
4.35 77.478462925260985 77.478462925260899 0.000000000000085
4.40 81.450868664968212 81.450868664968141 0.000000000000071
4.45 85.626944002200645 85.626944002200588 0.000000000000057
4.50 90.017131300521882 90.017131300521811 0.000000000000071
4.55 94.632408314924149 94.632408314924064 0.000000000000085
4.60 99.484315641933904 99.484315641933861 0.000000000000043
4.65 104.584985577114239 104.584985577114224 0.000000000000014
4.70 109.947172452123553 109.947172452123525 0.000000000000028
4.75 115.584284527187748 115.584284527187663 0.000000000000085
4.80 121.510417518734954 121.510417518734855 0.000000000000099
4.85 127.740389846028904 127.740389846028918 0.000000000000014
4.90 134.289779684935581 134.289779684935525 0.000000000000057
4.95 141.174963921476916 141.174963921476859 0.000000000000057
5.00 148.413159102576657 148.413159102576600 0.000000000000057
