The data for forward Euler is
0.00 0.020000000000000 0.020000000000000 0.000000000000000
0.05 0.021024749571624 0.021025274548848 -0.000000524977224
0.10 0.022101988482335 0.022103092241029 -0.000001103758694
0.15 0.023234402695363 0.023236143076205 -0.000001740380841
0.20 0.024424815194565 0.024427254507112 -0.000002439312547
0.25 0.025676192905743 0.025679398153882 -0.000003205248140
0.30 0.026991653956487 0.026995697152179 -0.000004043195692
0.35 0.028374475289287 0.028379433795387 -0.000004958506100
0.40 0.029828100642985 0.029834057575070 -0.000005956932085
0.45 0.031356148917965 0.031363193579812 -0.000007044661848
0.50 0.032962422940680 0.032970650770397 -0.000008227829716
0.55 0.034650918643279 0.034660432072718 -0.000009513429439
0.60 0.036425834674139 0.036436743817632 -0.000010909143493
0.65 0.038291582455097 0.038304004985320 -0.000012422530223
0.70 0.040252796700904 0.040266858695795 -0.000014061994892
0.75 0.042314346416149 0.042330182875577 -0.000015836459428
0.80 0.044481346384269 0.044499101724377 -0.000017755340108
0.85 0.046759169162491 0.046778997842784 -0.000019828680292
0.90 0.049153457595490 0.049175524755471 -0.000022067159981
0.95 0.051670137859097 0.051694619983515 -0.000024482124418
1.00 0.054315433043634 0.054342518663728 -0.000027085620093
1.05 0.057095877284183 0.057125767724718 -0.000029890440534
1.10 0.060018330442315 0.060051240603658 -0.000032910161342
1.15 0.063089993340432 0.063126152508605 -0.000036159168173
1.20 0.066318423545750 0.066358076271668 -0.000039652725918
1.25 0.069711551696046 0.069754958694822 -0.000043406998776
1.30 0.073277698353402 0.073325137450368 -0.000047439096966
1.35 0.077025591365251 0.077077358512963 -0.000051767147713
1.40 0.080964383703804 0.081020793975508 -0.000056410271704
1.45 0.085103671745374 0.085165060487277 -0.000061388741903
1.50 0.089453513939866 0.089520237795552 -0.000066723855686
1.55 0.094024449807731 0.094096888021235 -0.000072438213504
1.60 0.098827519186617 0.098906074631936 -0.000078555445319
1.65 0.103874281632658 0.103959382314969 -0.000085100682312
1.70 0.109176835861504 0.109268935974898 -0.000092100113394
1.75 0.114747839091635 0.114847420314111 -0.000099581222476
1.80 0.120600526126817 0.120708099083723 -0.000107572956906
1.85 0.126748727985697 0.126864833507212 -0.000116105521515
1.90 0.133206889854083 0.133332100387892 -0.000125210533809
1.95 0.139990088099331 0.140125008964500 -0.000134920865168
2.00 0.147114046046286 0.147259316802328 -0.000145270756042
2.05 0.154595148170374 0.154751443998070 -0.000156295827697
2.10 0.162450452315752 0.162618485120626 -0.000168032804874
2.15 0.170697699495166 0.170878219009207 -0.000180519514041
2.20 0.179355320773705 0.179549115792354 -0.000193795018649
2.25 0.188442440681789 0.188650339872898 -0.000207899191109
2.30 0.197978876544362 0.198201749224193 -0.000222872679831
2.35 0.207985133054946 0.208223889760226 -0.000238756705279
2.40 0.218482391366695 0.218737984206861 -0.000255592840166
2.45 0.229492491920455 0.229765914610948 -0.000273422690492
2.50 0.241037910184944 0.241330197732264 -0.000292287547320
2.55 0.253141724450374 0.253453952496683 -0.000312228046309
2.60 0.265827574798402 0.266160858542974 -0.000333283744572
2.65 0.279119612373315 0.279475104987346 -0.000355492614031
2.70 0.293042438107408 0.293421328548850 -0.000378890441441
2.75 0.307621030113723 0.308024540386603 -0.000403510272880
2.80 0.322880659057797 0.323310041059305 -0.000429382001507
2.85 0.338846790963072 0.339303322021551 -0.000456531058479
2.90 0.355544977097273 0.356029955257207 -0.000484978159934
2.95 0.373000730833778 0.373515469558779 -0.000514738725001
3.00 0.391239391684553 0.391785213189890 -0.000545821505337
3.05 0.410285977059178 0.410864205428028 -0.000578228368851
3.10 0.430165022713234 0.430776976030187 -0.000611953316953
3.15 0.450900413300276 0.451547395161435 -0.000646981861159
3.20 0.472515204921024 0.473198495360497 -0.000683290439473
3.25 0.495031442052387 0.495752287998398 -0.000720845946011
3.30 0.518469971713776 0.519229577116175 -0.000759605402399
3.35 0.542850258160900 0.543649773950011 -0.000799515789112
3.40 0.568190201757326 0.569030715921172 -0.000840514163846
3.45 0.594505965930491 0.595388493282737 -0.000882527352246
3.50 0.621811816242545 0.622737289337644 -0.000925473095100
3.55 0.650119975573671 0.651089236352717 -0.000969260779045
3.60 0.679440499210521 0.680454290654835 -0.001013791444313
3.65 0.709781173250127 0.710840132753702 -0.001058959503575
3.70 0.741147439177508 0.742252093362629 -0.001104654185121
3.75 0.773542346773512 0.774693107048830 -0.001150760275317
3.80 0.806966536691017 0.808163696786055 -0.001197160095039
3.85 0.841418253144971 0.842661988091488 -0.001243734946517
3.90 0.876893386244318 0.878183752850090 -0.001290366605772
3.95 0.913385542602975 0.914722481433270 -0.001336938830295
4.00 0.950886142052043 0.952269480867438 -0.001383338815395
4.05 0.989384537578812 0.990813996042037 -0.001429458463225
4.10 1.028868155072402 1.030343350569797 -0.001475195497395
4.15 1.069322649081226 1.070843103529893 -0.001520454448666
4.20 1.110732070590877 1.112297217956421 -0.001565147365545
4.25 1.153079042807029 1.154688237170267 -0.001609194363238
4.30 1.196344941060434 1.197997465085735 -0.001652524025301
4.35 1.240510073215549 1.242205146732397 -0.001695073516848
4.40 1.285553857331534 1.287290645910801 -0.001736788579266
4.45 1.331454993762798 1.333232617170387 -0.001777623407589
4.50 1.378191629364933 1.380009169704189 -0.001817540339256
4.55 1.425741511962999 1.427598021423439 -0.001856509460440
4.60 1.474082133718487 1.475976641868622 -0.001894508150135
4.65 1.523190862480525 1.525122383020550 -0.001931520540024
4.70 1.573045060612118 1.575012597560526 -0.001967536948408
4.75 1.623622191135266 1.625624744457502 -0.002002553322237
4.80 1.674899911335471 1.676936481932292 -0.002036570596821
4.85 1.726856154206019 1.728925748416020 -0.002069594210001
4.90 1.779469198298090 1.781570831683538 -0.002101633385448
4.95 1.832717726678486 1.834850427492019 -0.002132700813534
5.00 1.886580875788270 1.888743687714342 -0.002162811926073
The Data for RK4 Euler
0.00 0.020000000000000 0.020000000000000 0.000000000000000
0.05 0.021025274548771 0.021025274548848 -0.000000000000077
0.10 0.022103092205152 0.022103092241029 -0.000000000035877
0.15 0.023236143055696 0.023236143076205 -0.000000000020508
0.20 0.024427254487254 0.024427254507112 -0.000000000019859
0.25 0.025679398125811 0.025679398153882 -0.000000000028071
0.30 0.026995697114856 0.026995697152179 -0.000000000037323
0.35 0.028379433748050 0.028379433795387 -0.000000000047338
0.40 0.029834057471355 0.029834057575070 -0.000000000103715
0.45 0.031363193270032 0.031363193579812 -0.000000000309780
0.50 0.032970650456168 0.032970650770397 -0.000000000314228
0.55 0.034660431872537 0.034660432072718 -0.000000000200181
0.60 0.036436743528655 0.036436743817632 -0.000000000288977
0.65 0.038304004684838 0.038304004985320 -0.000000000300482
0.70 0.040266858399862 0.040266858695795 -0.000000000295933
0.75 0.042330182557463 0.042330182875577 -0.000000000318114
0.80 0.044499101386344 0.044499101724377 -0.000000000338033
0.85 0.046778997487561 0.046778997842784 -0.000000000355223
0.90 0.049175524382046 0.049175524755471 -0.000000000373425
0.95 0.051694619589629 0.051694619983515 -0.000000000393886
1.00 0.054342518249100 0.054342518663728 -0.000000000414627
1.05 0.057125767286575 0.057125767724718 -0.000000000438142
1.10 0.060051240136645 0.060051240603658 -0.000000000467013
1.15 0.063126152017355 0.063126152508605 -0.000000000491250
1.20 0.066358075755929 0.066358076271668 -0.000000000515740
1.25 0.069754958157200 0.069754958694822 -0.000000000537622
1.30 0.073325136900778 0.073325137450368 -0.000000000549590
1.35 0.077077357945984 0.077077358512963 -0.000000000566980
1.40 0.081020793415335 0.081020793975508 -0.000000000560173
1.45 0.085165059917680 0.085165060487277 -0.000000000569597
1.50 0.089520237260785 0.089520237795552 -0.000000000534766
1.55 0.094096887490096 0.094096888021235 -0.000000000531139
1.60 0.098906074175216 0.098906074631936 -0.000000000456720
1.65 0.103959381848238 0.103959382314969 -0.000000000466732
1.70 0.109268935478077 0.109268935974898 -0.000000000496821
1.75 0.114847419842222 0.114847420314111 -0.000000000471889
1.80 0.120708098631479 0.120708099083723 -0.000000000452244
1.85 0.126864833094211 0.126864833507212 -0.000000000413001
1.90 0.133332099993883 0.133332100387892 -0.000000000394009
1.95 0.140125008617413 0.140125008964500 -0.000000000347087
2.00 0.147259316531547 0.147259316802328 -0.000000000270781
2.05 0.154751443740396 0.154751443998070 -0.000000000257674
2.10 0.162618484849280 0.162618485120626 -0.000000000271347
2.15 0.170878218788501 0.170878219009207 -0.000000000220706
2.20 0.179549115595962 0.179549115792354 -0.000000000196392
2.25 0.188650339700400 0.188650339872898 -0.000000000172498
2.30 0.198201749088475 0.198201749224193 -0.000000000135718
2.35 0.208223889680489 0.208223889760226 -0.000000000079736
2.40 0.218737984182926 0.218737984206861 -0.000000000023934
2.45 0.229765914633950 0.229765914610948 0.000000000023002
2.50 0.241330197813326 0.241330197732264 0.000000000081062
2.55 0.253453952654875 0.253453952496683 0.000000000158192
2.60 0.266160858781766 0.266160858542974 0.000000000238791
2.65 0.279475105287968 0.279475104987346 0.000000000300622
2.70 0.293421328918498 0.293421328548850 0.000000000369649
2.75 0.308024540862950 0.308024540386603 0.000000000476347
2.80 0.323310041477347 0.323310041059305 0.000000000418042
2.85 0.339303322394763 0.339303322021551 0.000000000373212
2.90 0.356029955680664 0.356029955257207 0.000000000423458
2.95 0.373515469938733 0.373515469558779 0.000000000379954
3.00 0.391785213578862 0.391785213189890 0.000000000388972
3.05 0.410864205820359 0.410864205428028 0.000000000392331
3.10 0.430776976415437 0.430776976030187 0.000000000385251
3.15 0.451547395531925 0.451547395161435 0.000000000370489
3.20 0.473198495715774 0.473198495360497 0.000000000355277
3.25 0.495752288344199 0.495752287998398 0.000000000345801
3.30 0.519229577455104 0.519229577116175 0.000000000338929
3.35 0.543649774269615 0.543649773950011 0.000000000319604
3.40 0.569030716081387 0.569030715921172 0.000000000160215
3.45 0.595388493437592 0.595388493282737 0.000000000154855
3.50 0.622737289653458 0.622737289337644 0.000000000315813
3.55 0.651089236661127 0.651089236352717 0.000000000308410
3.60 0.680454290979299 0.680454290654835 0.000000000324465
3.65 0.710840133198015 0.710840132753702 0.000000000444313
3.70 0.742252093811169 0.742252093362629 0.000000000448540
3.75 0.774693107519001 0.774693107048830 0.000000000470171
3.80 0.808163697297330 0.808163696786055 0.000000000511274
3.85 0.842661988632855 0.842661988091488 0.000000000541367
3.90 0.878183753404126 0.878183752850090 0.000000000554035
3.95 0.914722481997494 0.914722481433270 0.000000000564224
4.00 0.952269481435569 0.952269480867438 0.000000000568131
4.05 0.990813996604667 0.990813996042037 0.000000000562630
4.10 1.030343351129446 1.030343350569797 0.000000000559649
4.15 1.070843104076913 1.070843103529893 0.000000000547020
4.20 1.112297218484511 1.112297217956421 0.000000000528089
4.25 1.154688237692041 1.154688237170267 0.000000000521774
4.30 1.197997465597887 1.197997465085735 0.000000000512152
4.35 1.242205147231602 1.242205146732397 0.000000000499205
4.40 1.287290646407816 1.287290645910801 0.000000000497016
4.45 1.333232617668861 1.333232617170387 0.000000000498474
4.50 1.380009170204815 1.380009169704189 0.000000000500626
4.55 1.427598021931741 1.427598021423439 0.000000000508302
4.60 1.475976642388190 1.475976641868622 0.000000000519568
4.65 1.525122383558038 1.525122383020550 0.000000000537488
4.70 1.575012598131114 1.575012597560526 0.000000000570588
4.75 1.625624745063704 1.625624744457502 0.000000000606201
4.80 1.676936482595020 1.676936481932292 0.000000000662728
4.85 1.728925749112958 1.728925748416020 0.000000000696938
4.90 1.781570832445405 1.781570831683538 0.000000000761867
4.95 1.834850428286670 1.834850427492019 0.000000000794651
5.00 1.888743688557912 1.888743687714342 0.000000000843570
The data for Adams Bashforth is
0.00 0.020000000000000 0.020000000000000 0.000000000000000
0.050 0.021025274548770 0.021025274548848 -0.000000000000077
0.100 0.022103092205151 0.022103092241029 -0.000000000035878
0.150 0.023236143055695 0.023236143076205 -0.000000000020509
0.200 0.024427254487252 0.024427254507112 -0.000000000019860
0.250 0.025679398125809 0.025679398153882 -0.000000000028073
0.300 0.026995697114853 0.026995697152179 -0.000000000037326
0.350 0.028379433748046 0.028379433795387 -0.000000000047341
0.400 0.029834057471351 0.029834057575070 -0.000000000103719
0.450 0.031363193270027 0.031363193579812 -0.000000000309785
0.500 0.032970650456163 0.032970650770397 -0.000000000314234
0.550 0.034660431872531 0.034660432072718 -0.000000000200187
0.600 0.036436743528648 0.036436743817632 -0.000000000288984
0.650 0.038304004684830 0.038304004985320 -0.000000000300490
0.700 0.040266858399853 0.040266858695795 -0.000000000295942
0.750 0.042330182557452 0.042330182875577 -0.000000000318125
0.800 0.044499101386332 0.044499101724377 -0.000000000338044
0.850 0.046778997487548 0.046778997842784 -0.000000000355236
0.900 0.049175524382032 0.049175524755471 -0.000000000373439
0.950 0.051694619589614 0.051694619983515 -0.000000000393902
1.000 0.054342518249083 0.054342518663728 -0.000000000414645
1.050 0.057125767286556 0.057125767724718 -0.000000000438162
1.100 0.060051240136624 0.060051240603658 -0.000000000467034
1.150 0.063126152017332 0.063126152508605 -0.000000000491273
1.200 0.066358075755903 0.066358076271668 -0.000000000515765
1.250 0.069754958157173 0.069754958694822 -0.000000000537649
1.300 0.073325136900748 0.073325137450368 -0.000000000549619
1.350 0.077077357945951 0.077077358512963 -0.000000000567012
1.400 0.081020793415300 0.081020793975508 -0.000000000560208
1.450 0.085165059917642 0.085165060487277 -0.000000000569635
1.500 0.089520237260744 0.089520237795552 -0.000000000534807
1.550 0.094096887490052 0.094096888021235 -0.000000000531183
1.600 0.098906074175169 0.098906074631936 -0.000000000456768
1.650 0.103959381848187 0.103959382314969 -0.000000000466783
1.700 0.109268935478022 0.109268935974898 -0.000000000496875
1.750 0.114847419842163 0.114847420314111 -0.000000000471948
1.800 0.120708098631417 0.120708099083723 -0.000000000452306
1.850 0.126864833094145 0.126864833507212 -0.000000000413067
1.900 0.133332099993812 0.133332100387892 -0.000000000394080
1.950 0.140125008617338 0.140125008964500 -0.000000000347162
2.000 0.147259316531468 0.147259316802328 -0.000000000270860
2.050 0.154751443740313 0.154751443998070 -0.000000000257758
2.100 0.162618484849191 0.162618485120626 -0.000000000271435
2.150 0.170878218788408 0.170878219009207 -0.000000000220799
2.200 0.179549115595865 0.179549115792354 -0.000000000196489
2.250 0.188650339700298 0.188650339872898 -0.000000000172600
2.300 0.198201749088369 0.198201749224193 -0.000000000135824
2.350 0.208223889680379 0.208223889760226 -0.000000000079846
2.400 0.218737984182812 0.218737984206861 -0.000000000024049
2.450 0.229765914633832 0.229765914610948 0.000000000022884
2.500 0.241330197813205 0.241330197732264 0.000000000080941
2.550 0.253453952654751 0.253453952496683 0.000000000158068
2.600 0.266160858781639 0.266160858542974 0.000000000238665
2.650 0.279475105287840 0.279475104987346 0.000000000300494
2.700 0.293421328918369 0.293421328548850 0.000000000369519
2.750 0.308024540862820 0.308024540386603 0.000000000476217
2.800 0.323310041477218 0.323310041059305 0.000000000417913
2.850 0.339303322394635 0.339303322021551 0.000000000373084
2.900 0.356029955680539 0.356029955257207 0.000000000423332
2.950 0.373515469938610 0.373515469558779 0.000000000379831
3.000 0.391785213578743 0.391785213189890 0.000000000388853
3.050 0.410864205820245 0.410864205428028 0.000000000392217
3.100 0.430776976415328 0.430776976030187 0.000000000385141
3.150 0.451547395531822 0.451547395161435 0.000000000370386
3.200 0.473198495715677 0.473198495360497 0.000000000355180
3.250 0.495752288344110 0.495752287998398 0.000000000345712
3.300 0.519229577455021 0.519229577116175 0.000000000338846
3.350 0.543649774269539 0.543649773950011 0.000000000319528
3.400 0.569030716081317 0.569030715921172 0.000000000160145
3.450 0.595388493437528 0.595388493282737 0.000000000154791
3.500 0.622737289653399 0.622737289337644 0.000000000315754
3.550 0.651089236661071 0.651089236352717 0.000000000308354
3.600 0.680454290979245 0.680454290654835 0.000000000324410
3.650 0.710840133197962 0.710840132753702 0.000000000444260
3.700 0.742252093811115 0.742252093362629 0.000000000448486
3.750 0.774693107518944 0.774693107048830 0.000000000470114
3.800 0.808163697297270 0.808163696786055 0.000000000511214
3.850 0.842661988632789 0.842661988091488 0.000000000541301
3.900 0.878183753404052 0.878183752850090 0.000000000553962
3.950 0.914722481997411 0.914722481433270 0.000000000564142
4.000 0.952269481435476 0.952269480867438 0.000000000568038
4.050 0.990813996604562 0.990813996042037 0.000000000562525
4.100 1.030343351129329 1.030343350569797 0.000000000559532
4.150 1.070843104076784 1.070843103529893 0.000000000546891
4.200 1.112297218484368 1.112297217956421 0.000000000527946
4.250 1.154688237691885 1.154688237170267 0.000000000521618
4.300 1.197997465597718 1.197997465085735 0.000000000511983
4.350 1.242205147231420 1.242205146732397 0.000000000499023
4.400 1.287290646407620 1.287290645910801 0.000000000496819
4.450 1.333232617668652 1.333232617170387 0.000000000498266
4.500 1.380009170204595 1.380009169704189 0.000000000500407
4.550 1.427598021931510 1.427598021423439 0.000000000508071
4.600 1.475976642387949 1.475976641868622 0.000000000519327
4.650 1.525122383557786 1.525122383020550 0.000000000537237
4.700 1.575012598130853 1.575012597560526 0.000000000570328
4.750 1.625624745063434 1.625624744457502 0.000000000605931
4.800 1.676936482594743 1.676936481932292 0.000000000662451
4.850 1.728925749112673 1.728925748416020 0.000000000696653
4.900 1.781570832445112 1.781570831683538 0.000000000761575
4.950 1.834850428286372 1.834850427492019 0.000000000794353
5.000 1.888743688557609 1.888743687714342 0.000000000843266
The Data for RKF8 Euler
0.00 0.020000000000000 0.020000000000000 0.000000000000000
0.05 0.021025274548765 0.021025274548848 -0.000000000000082
0.10 0.022103092205141 0.022103092241029 -0.000000000035888
0.15 0.023236143055679 0.023236143076205 -0.000000000020525
0.20 0.024427254487231 0.024427254507112 -0.000000000019881
0.25 0.025679398125783 0.025679398153882 -0.000000000028100
0.30 0.026995697114821 0.026995697152179 -0.000000000037358
0.35 0.028379433748009 0.028379433795387 -0.000000000047378
0.40 0.029834057471308 0.029834057575070 -0.000000000103762
0.45 0.031363193269979 0.031363193579812 -0.000000000309834
0.50 0.032970650456109 0.032970650770397 -0.000000000314288
0.55 0.034660431872471 0.034660432072718 -0.000000000200247
0.60 0.036436743528582 0.036436743817632 -0.000000000289050
0.65 0.038304004684758 0.038304004985320 -0.000000000300562
0.70 0.040266858399775 0.040266858695795 -0.000000000296020
0.75 0.042330182557368 0.042330182875577 -0.000000000318210
0.80 0.044499101386241 0.044499101724377 -0.000000000338136
0.85 0.046778997487450 0.046778997842784 -0.000000000355333
0.90 0.049175524381927 0.049175524755471 -0.000000000373544
0.95 0.051694619589502 0.051694619983515 -0.000000000394013
1.00 0.054342518248964 0.054342518663728 -0.000000000414764
1.05 0.057125767286430 0.057125767724718 -0.000000000438288
1.10 0.060051240136490 0.060051240603658 -0.000000000467168
1.15 0.063126152017190 0.063126152508605 -0.000000000491415
1.20 0.066358075755753 0.066358076271668 -0.000000000515915
1.25 0.069754958157014 0.069754958694822 -0.000000000537808
1.30 0.073325136900581 0.073325137450368 -0.000000000549787
1.35 0.077077357945775 0.077077358512963 -0.000000000567189
1.40 0.081020793415114 0.081020793975508 -0.000000000560394
1.45 0.085165059917446 0.085165060487277 -0.000000000569831
1.50 0.089520237260538 0.089520237795552 -0.000000000535013
1.55 0.094096887489835 0.094096888021235 -0.000000000531400
1.60 0.098906074174941 0.098906074631936 -0.000000000456995
1.65 0.103959381847947 0.103959382314969 -0.000000000467022
1.70 0.109268935477771 0.109268935974898 -0.000000000497127
1.75 0.114847419841899 0.114847420314111 -0.000000000472212
1.80 0.120708098631140 0.120708099083723 -0.000000000452583
1.85 0.126864833093853 0.126864833507212 -0.000000000413359
1.90 0.133332099993506 0.133332100387892 -0.000000000394386
1.95 0.140125008617016 0.140125008964500 -0.000000000347484
2.00 0.147259316531130 0.147259316802328 -0.000000000271198
2.05 0.154751443739958 0.154751443998070 -0.000000000258113
2.10 0.162618484848818 0.162618485120626 -0.000000000271808
2.15 0.170878218788016 0.170878219009207 -0.000000000221191
2.20 0.179549115595452 0.179549115792354 -0.000000000196902
2.25 0.188650339699864 0.188650339872898 -0.000000000173034
2.30 0.198201749087913 0.198201749224193 -0.000000000136280
2.35 0.208223889679899 0.208223889760226 -0.000000000080326
2.40 0.218737984182307 0.218737984206861 -0.000000000024554
2.45 0.229765914633299 0.229765914610948 0.000000000022352
2.50 0.241330197812644 0.241330197732264 0.000000000080380
2.55 0.253453952654160 0.253453952496683 0.000000000157477
2.60 0.266160858781016 0.266160858542974 0.000000000238041
2.65 0.279475105287182 0.279475104987346 0.000000000299836
2.70 0.293421328917675 0.293421328548850 0.000000000368826
2.75 0.308024540862088 0.308024540386603 0.000000000475485
2.80 0.323310041476445 0.323310041059305 0.000000000417141
2.85 0.339303322393819 0.339303322021551 0.000000000372268
2.90 0.356029955679678 0.356029955257207 0.000000000422472
2.95 0.373515469937702 0.373515469558779 0.000000000378923
3.00 0.391785213577785 0.391785213189890 0.000000000387895
3.05 0.410864205819235 0.410864205428028 0.000000000391207
3.10 0.430776976414264 0.430776976030187 0.000000000384077
3.15 0.451547395530701 0.451547395161435 0.000000000369266
3.20 0.473198495714499 0.473198495360497 0.000000000354002
3.25 0.495752288342872 0.495752287998398 0.000000000344474
3.30 0.519229577453723 0.519229577116175 0.000000000337548
3.35 0.543649774268180 0.543649773950011 0.000000000318168
3.40 0.569030716079895 0.569030715921172 0.000000000158723
3.45 0.595388493436044 0.595388493282737 0.000000000153306
3.50 0.622737289651852 0.622737289337644 0.000000000314208
3.55 0.651089236659463 0.651089236352717 0.000000000306746
3.60 0.680454290977575 0.680454290654835 0.000000000322741
3.65 0.710840133196233 0.710840132753702 0.000000000442530
3.70 0.742252093809327 0.742252093362629 0.000000000446698
3.75 0.774693107517100 0.774693107048830 0.000000000468270
3.80 0.808163697295370 0.808163696786055 0.000000000509314
3.85 0.842661988630837 0.842661988091488 0.000000000539348
3.90 0.878183753402048 0.878183752850090 0.000000000551958
3.95 0.914722481995358 0.914722481433270 0.000000000562088
4.00 0.952269481433376 0.952269480867438 0.000000000565938
4.05 0.990813996602417 0.990813996042037 0.000000000560380
4.10 1.030343351127139 1.030343350569797 0.000000000557342
4.15 1.070843104074551 1.070843103529893 0.000000000544659
4.20 1.112297218482095 1.112297217956421 0.000000000525673
4.25 1.154688237689571 1.154688237170267 0.000000000519304
4.30 1.197997465595364 1.197997465085735 0.000000000509629
4.35 1.242205147229029 1.242205146732397 0.000000000496632
4.40 1.287290646405192 1.287290645910801 0.000000000494392
4.45 1.333232617666187 1.333232617170387 0.000000000495801
4.50 1.380009170202094 1.380009169704189 0.000000000497905
4.55 1.427598021928973 1.427598021423439 0.000000000505535
4.60 1.475976642385378 1.475976641868622 0.000000000516756
4.65 1.525122383555182 1.525122383020550 0.000000000534632
4.70 1.575012598128215 1.575012597560526 0.000000000567690
4.75 1.625624745060763 1.625624744457502 0.000000000603261
4.80 1.676936482592040 1.676936481932292 0.000000000659748
4.85 1.728925749109939 1.728925748416020 0.000000000693919
4.90 1.781570832442347 1.781570831683538 0.000000000758809
4.95 1.834850428283577 1.834850427492019 0.000000000791557
5.00 1.888743688554784 1.888743687714342 0.000000000840441
