The data for forward Euler is
0.00 0.020000000000000 0.020000000000000 0.000000000000000
0.05 0.020362301290228 0.019894367886487 0.000467933403742
0.10 0.020362301290228 0.019894367886487 0.000467933403742
0.15 0.020362301290228 0.019894367886487 0.000467933403742
0.20 0.020362301290228 0.019894367886487 0.000467933403741
0.25 0.020362301290228 0.019894367886487 0.000467933403741
0.30 0.020362301290228 0.019894367886487 0.000467933403741
0.35 0.020362301290228 0.019894367886487 0.000467933403741
0.40 0.020362301290228 0.019894367886487 0.000467933403741
0.45 0.020362301290228 0.019894367886487 0.000467933403741
0.50 0.020362301290228 0.019894367886487 0.000467933403741
0.55 0.020362301290228 0.019894367886487 0.000467933403741
0.60 0.020362301290228 0.019894367886487 0.000467933403741
0.65 0.020362301290228 0.019894367886487 0.000467933403741
0.70 0.020362301290228 0.019894367886487 0.000467933403741
0.75 0.020362301290228 0.019894367886487 0.000467933403741
0.80 0.020362301290228 0.019894367886487 0.000467933403741
0.85 0.020362301290228 0.019894367886487 0.000467933403741
0.90 0.020362301290228 0.019894367886487 0.000467933403741
0.95 0.020362301290228 0.019894367886487 0.000467933403741
1.00 0.020362301290228 0.019894367886487 0.000467933403741
1.05 0.020362301290228 0.019894367886487 0.000467933403741
1.10 0.020362301290228 0.019894367886487 0.000467933403741
1.15 0.020362301290228 0.019894367886487 0.000467933403741
1.20 0.020362301290228 0.019894367886487 0.000467933403741
1.25 0.020362301290228 0.019894367886487 0.000467933403741
1.30 0.020362301290228 0.019894367886487 0.000467933403741
1.35 0.020362301290228 0.019894367886487 0.000467933403741
1.40 0.020362301290228 0.019894367886487 0.000467933403741
1.45 0.020362301290228 0.019894367886487 0.000467933403741
1.50 0.020362301290228 0.019894367886487 0.000467933403741
1.55 0.020362301290228 0.019894367886487 0.000467933403741
1.60 0.020362301290228 0.019894367886487 0.000467933403741
1.65 0.020362301290228 0.019894367886487 0.000467933403741
1.70 0.020362301290228 0.019894367886487 0.000467933403741
1.75 0.020362301290228 0.019894367886487 0.000467933403741
1.80 0.020362301290228 0.019894367886487 0.000467933403741
1.85 0.020362301290228 0.019894367886487 0.000467933403741
1.90 0.020362301290228 0.019894367886487 0.000467933403741
1.95 0.020362301290228 0.019894367886487 0.000467933403741
2.00 0.020362301290228 0.019894367886487 0.000467933403741
2.05 0.020362301290228 0.019894367886487 0.000467933403741
2.10 0.020362301290228 0.019894367886487 0.000467933403741
2.15 0.020362301290228 0.019894367886487 0.000467933403741
2.20 0.020362301290228 0.019894367886487 0.000467933403741
2.25 0.020362301290228 0.019894367886487 0.000467933403741
2.30 0.020362301290228 0.019894367886487 0.000467933403741
2.35 0.020362301290228 0.019894367886487 0.000467933403741
2.40 0.020362301290228 0.019894367886487 0.000467933403741
2.45 0.020362301290228 0.019894367886487 0.000467933403741
2.50 0.020362301290228 0.019894367886487 0.000467933403741
2.55 0.020362301290228 0.019894367886487 0.000467933403741
2.60 0.020362301290228 0.019894367886487 0.000467933403741
2.65 0.020362301290228 0.019894367886487 0.000467933403741
2.70 0.020362301290228 0.019894367886487 0.000467933403741
2.75 0.020362301290228 0.019894367886487 0.000467933403741
2.80 0.020362301290228 0.019894367886487 0.000467933403741
2.85 0.020362301290228 0.019894367886487 0.000467933403741
2.90 0.020362301290228 0.019894367886487 0.000467933403741
2.95 0.020362301290228 0.019894367886487 0.000467933403741
3.00 0.020362301290228 0.019894367886487 0.000467933403741
3.05 0.020362301290228 0.019894367886487 0.000467933403741
3.10 0.020362301290228 0.019894367886487 0.000467933403741
3.15 0.020362301290228 0.019894367886487 0.000467933403741
3.20 0.020362301290228 0.019894367886487 0.000467933403741
3.25 0.020362301290228 0.019894367886487 0.000467933403741
3.30 0.020362301290228 0.019894367886487 0.000467933403741
3.35 0.020362301290228 0.019894367886487 0.000467933403741
3.40 0.020362301290228 0.019894367886487 0.000467933403741
3.45 0.020362301290228 0.019894367886487 0.000467933403741
3.50 0.020362301290228 0.019894367886487 0.000467933403741
3.55 0.020362301290228 0.019894367886487 0.000467933403741
3.60 0.020362301290228 0.019894367886487 0.000467933403741
3.65 0.020362301290228 0.019894367886487 0.000467933403741
3.70 0.020362301290228 0.019894367886487 0.000467933403741
3.75 0.020362301290228 0.019894367886487 0.000467933403741
3.80 0.020362301290228 0.019894367886487 0.000467933403741
3.85 0.020362301290228 0.019894367886487 0.000467933403741
3.90 0.020362301290228 0.019894367886487 0.000467933403741
3.95 0.020362301290228 0.019894367886487 0.000467933403741
4.00 0.020362301290228 0.019894367886487 0.000467933403741
4.05 0.020362301290228 0.019894367886487 0.000467933403741
4.10 0.020362301290228 0.019894367886487 0.000467933403741
4.15 0.020362301290228 0.019894367886487 0.000467933403741
4.20 0.020362301290228 0.019894367886487 0.000467933403741
4.25 0.020362301290228 0.019894367886487 0.000467933403741
4.30 0.020362301290228 0.019894367886487 0.000467933403741
4.35 0.020362301290228 0.019894367886487 0.000467933403741
4.40 0.020362301290228 0.019894367886487 0.000467933403741
4.45 0.020362301290228 0.019894367886487 0.000467933403741
4.50 0.020362301290228 0.019894367886487 0.000467933403741
4.55 0.020362301290228 0.019894367886487 0.000467933403741
4.60 0.020362301290228 0.019894367886487 0.000467933403741
4.65 0.020362301290228 0.019894367886487 0.000467933403741
4.70 0.020362301290228 0.019894367886487 0.000467933403741
4.75 0.020362301290228 0.019894367886487 0.000467933403741
4.80 0.020362301290228 0.019894367886487 0.000467933403741
4.85 0.020362301290228 0.019894367886487 0.000467933403741
4.90 0.020362301290228 0.019894367886487 0.000467933403741
4.95 0.020362301290228 0.019894367886487 0.000467933403741
5.00 0.020362301290228 0.019894367886487 0.000467933403741
The Data for RK4 Euler
0.00 0.020000000000000 0.020000000000000 0.000000000000000
0.05 0.019894367886748 0.019894367886487 0.000000000000262
0.10 0.019894367886487 0.019894367886487 0.000000000000000
0.15 0.019894367886487 0.019894367886487 0.000000000000000
0.20 0.019894367886487 0.019894367886487 0.000000000000000
0.25 0.019894367886487 0.019894367886487 0.000000000000000
0.30 0.019894367886487 0.019894367886487 0.000000000000000
0.35 0.019894367886487 0.019894367886487 0.000000000000000
0.40 0.019894367886487 0.019894367886487 0.000000000000000
0.45 0.019894367886487 0.019894367886487 0.000000000000000
0.50 0.019894367886487 0.019894367886487 0.000000000000000
0.55 0.019894367886487 0.019894367886487 0.000000000000000
0.60 0.019894367886487 0.019894367886487 0.000000000000000
0.65 0.019894367886487 0.019894367886487 0.000000000000000
0.70 0.019894367886487 0.019894367886487 0.000000000000000
0.75 0.019894367886487 0.019894367886487 0.000000000000000
0.80 0.019894367886487 0.019894367886487 0.000000000000000
0.85 0.019894367886487 0.019894367886487 0.000000000000000
0.90 0.019894367886487 0.019894367886487 0.000000000000000
0.95 0.019894367886487 0.019894367886487 0.000000000000000
1.00 0.019894367886487 0.019894367886487 0.000000000000000
1.05 0.019894367886487 0.019894367886487 0.000000000000000
1.10 0.019894367886487 0.019894367886487 0.000000000000000
1.15 0.019894367886487 0.019894367886487 0.000000000000000
1.20 0.019894367886487 0.019894367886487 0.000000000000000
1.25 0.019894367886487 0.019894367886487 0.000000000000000
1.30 0.019894367886487 0.019894367886487 0.000000000000000
1.35 0.019894367886487 0.019894367886487 0.000000000000000
1.40 0.019894367886487 0.019894367886487 0.000000000000000
1.45 0.019894367886487 0.019894367886487 0.000000000000000
1.50 0.019894367886487 0.019894367886487 0.000000000000000
1.55 0.019894367886487 0.019894367886487 0.000000000000000
1.60 0.019894367886487 0.019894367886487 0.000000000000000
1.65 0.019894367886487 0.019894367886487 0.000000000000000
1.70 0.019894367886487 0.019894367886487 0.000000000000000
1.75 0.019894367886487 0.019894367886487 0.000000000000000
1.80 0.019894367886487 0.019894367886487 0.000000000000000
1.85 0.019894367886487 0.019894367886487 0.000000000000000
1.90 0.019894367886487 0.019894367886487 0.000000000000000
1.95 0.019894367886487 0.019894367886487 0.000000000000000
2.00 0.019894367886487 0.019894367886487 0.000000000000000
2.05 0.019894367886487 0.019894367886487 0.000000000000000
2.10 0.019894367886487 0.019894367886487 0.000000000000000
2.15 0.019894367886487 0.019894367886487 0.000000000000000
2.20 0.019894367886487 0.019894367886487 0.000000000000000
2.25 0.019894367886487 0.019894367886487 0.000000000000000
2.30 0.019894367886487 0.019894367886487 0.000000000000000
2.35 0.019894367886487 0.019894367886487 0.000000000000000
2.40 0.019894367886487 0.019894367886487 0.000000000000000
2.45 0.019894367886487 0.019894367886487 0.000000000000000
2.50 0.019894367886487 0.019894367886487 0.000000000000000
2.55 0.019894367886487 0.019894367886487 0.000000000000000
2.60 0.019894367886487 0.019894367886487 0.000000000000000
2.65 0.019894367886487 0.019894367886487 0.000000000000000
2.70 0.019894367886487 0.019894367886487 0.000000000000000
2.75 0.019894367886487 0.019894367886487 0.000000000000000
2.80 0.019894367886487 0.019894367886487 0.000000000000000
2.85 0.019894367886487 0.019894367886487 0.000000000000000
2.90 0.019894367886487 0.019894367886487 0.000000000000000
2.95 0.019894367886487 0.019894367886487 0.000000000000000
3.00 0.019894367886487 0.019894367886487 0.000000000000000
3.05 0.019894367886487 0.019894367886487 0.000000000000000
3.10 0.019894367886487 0.019894367886487 0.000000000000000
3.15 0.019894367886487 0.019894367886487 0.000000000000000
3.20 0.019894367886487 0.019894367886487 0.000000000000000
3.25 0.019894367886487 0.019894367886487 0.000000000000000
3.30 0.019894367886487 0.019894367886487 0.000000000000000
3.35 0.019894367886487 0.019894367886487 0.000000000000000
3.40 0.019894367886487 0.019894367886487 0.000000000000000
3.45 0.019894367886487 0.019894367886487 0.000000000000000
3.50 0.019894367886487 0.019894367886487 0.000000000000000
3.55 0.019894367886487 0.019894367886487 0.000000000000000
3.60 0.019894367886487 0.019894367886487 0.000000000000000
3.65 0.019894367886487 0.019894367886487 0.000000000000000
3.70 0.019894367886487 0.019894367886487 0.000000000000000
3.75 0.019894367886487 0.019894367886487 0.000000000000000
3.80 0.019894367886487 0.019894367886487 0.000000000000000
3.85 0.019894367886487 0.019894367886487 0.000000000000000
3.90 0.019894367886487 0.019894367886487 0.000000000000000
3.95 0.019894367886487 0.019894367886487 0.000000000000000
4.00 0.019894367886487 0.019894367886487 0.000000000000000
4.05 0.019894367886487 0.019894367886487 0.000000000000000
4.10 0.019894367886487 0.019894367886487 0.000000000000000
4.15 0.019894367886487 0.019894367886487 0.000000000000000
4.20 0.019894367886487 0.019894367886487 0.000000000000000
4.25 0.019894367886487 0.019894367886487 0.000000000000000
4.30 0.019894367886487 0.019894367886487 0.000000000000000
4.35 0.019894367886487 0.019894367886487 0.000000000000000
4.40 0.019894367886487 0.019894367886487 0.000000000000000
4.45 0.019894367886487 0.019894367886487 0.000000000000000
4.50 0.019894367886487 0.019894367886487 0.000000000000000
4.55 0.019894367886487 0.019894367886487 0.000000000000000
4.60 0.019894367886487 0.019894367886487 0.000000000000000
4.65 0.019894367886487 0.019894367886487 0.000000000000000
4.70 0.019894367886487 0.019894367886487 0.000000000000000
4.75 0.019894367886487 0.019894367886487 0.000000000000000
4.80 0.019894367886487 0.019894367886487 0.000000000000000
4.85 0.019894367886487 0.019894367886487 0.000000000000000
4.90 0.019894367886487 0.019894367886487 0.000000000000000
4.95 0.019894367886487 0.019894367886487 0.000000000000000
5.00 0.019894367886487 0.019894367886487 0.000000000000000
The data for Adams Bashforth is
0.00 0.020000000000000 0.020000000000000 0.000000000000000
0.050 0.018412815288764 0.019894367886487 -0.001481552597723
0.100 0.030075589054671 0.019894367886487 0.010181221168184
0.150 0.024401976042317 0.019894367886487 0.004507608155830
0.200 0.024892326119419 0.019894367886487 0.004997958232932
0.250 0.023054995641984 0.019894367886487 0.003160627755497
0.300 0.023386890722746 0.019894367886487 0.003492522836259
0.350 0.015441866325833 0.019894367886487 -0.004452501560653
0.400 0.019776964373519 0.019894367886487 -0.000117403512968
0.450 0.016154075386240 0.019894367886487 -0.003740292500247
0.500 0.017183363264257 0.019894367886487 -0.002711004622230
0.550 0.019761576385731 0.019894367886487 -0.000132791500755
0.600 0.022723367950929 0.019894367886487 0.002829000064442
0.650 0.015618583570465 0.019894367886487 -0.004275784316022
0.700 0.017178650963366 0.019894367886487 -0.002715716923121
0.750 0.017266702429496 0.019894367886487 -0.002627665456991
0.800 0.016565745281972 0.019894367886487 -0.003328622604515
0.850 0.019478543857948 0.019894367886487 -0.000415824028539
0.900 0.027812588832928 0.019894367886487 0.007918220946441
0.950 0.029768171128620 0.019894367886487 0.009873803242133
1.000 0.031209662139878 0.019894367886487 0.011315294253391
1.050 0.030990423533476 0.019894367886487 0.011096055646989
1.100 0.033405555387550 0.019894367886487 0.013511187501063
1.150 0.030812321512942 0.019894367886487 0.010917953626455
1.200 0.033541718440032 0.019894367886487 0.013647350553545
1.250 0.033265372077888 0.019894367886487 0.013371004191401
1.300 0.030823921265782 0.019894367886487 0.010929553379295
1.350 0.034262663728768 0.019894367886487 0.014368295842281
1.400 0.034552786353561 0.019894367886487 0.014658418467074
1.450 0.033197622865427 0.019894367886487 0.013303254978940
1.500 0.033502690192420 0.019894367886487 0.013608322305933
1.550 0.035037682563750 0.019894367886487 0.015143314677263
1.600 0.035253228781849 0.019894367886487 0.015358860895362
1.650 0.035289166889151 0.019894367886487 0.015394799002664
1.700 0.034130087383971 0.019894367886487 0.014235719497484
1.750 0.035434114148443 0.019894367886487 0.015539746261956
1.800 0.033472277648946 0.019894367886487 0.013577909762459
1.850 0.033259335201022 0.019894367886487 0.013364967314535
1.900 0.034888843039959 0.019894367886487 0.014994475153472
1.950 0.035441718770672 0.019894367886487 0.015547350884185
2.000 0.035171734436132 0.019894367886487 0.015277366549645
2.050 0.034533481907291 0.019894367886487 0.014639114020804
2.100 0.035034826969171 0.019894367886487 0.015140459082684
2.150 0.034947141185096 0.019894367886487 0.015052773298609
2.200 0.033953005506410 0.019894367886487 0.014058637619923
2.250 0.034152715143279 0.019894367886487 0.014258347256792
2.300 0.035118866205649 0.019894367886487 0.015224498319162
2.350 0.035454544773149 0.019894367886487 0.015560176886662
2.400 0.033585780788902 0.019894367886487 0.013691412902415
2.450 0.035306972765828 0.019894367886487 0.015412604879341
2.500 0.033044980344611 0.019894367886487 0.013150612458125
2.550 0.035028089894491 0.019894367886487 0.015133722008005
2.600 0.035437043791637 0.019894367886487 0.015542675905150
2.650 0.034563939366348 0.019894367886487 0.014669571479861
2.700 0.035105779180858 0.019894367886487 0.015211411294371
2.750 0.035017316906085 0.019894367886487 0.015122949019598
2.800 0.035445873138698 0.019894367886487 0.015551505252212
2.850 0.034454058386638 0.019894367886487 0.014559690500152
2.900 0.035054311211827 0.019894367886487 0.015159943325340
2.950 0.033601693947119 0.019894367886487 0.013707326060632
3.000 0.033878033314555 0.019894367886487 0.013983665428068
3.050 0.035120988645486 0.019894367886487 0.015226620758999
3.100 0.033906311792542 0.019894367886487 0.014011943906055
3.150 0.033797395135091 0.019894367886487 0.013903027248604
3.200 0.034957423503473 0.019894367886487 0.015063055616986
3.250 0.034076271374041 0.019894367886487 0.014181903487554
3.300 0.033415727865463 0.019894367886487 0.013521359978976
3.350 0.035357150858813 0.019894367886487 0.015462782972326
3.400 0.034418960647949 0.019894367886487 0.014524592761462
3.450 0.034062144235111 0.019894367886487 0.014167776348624
3.500 0.033475515138628 0.019894367886487 0.013581147252141
3.550 0.033723266187551 0.019894367886487 0.013828898301064
3.600 0.035305881640900 0.019894367886487 0.015411513754413
3.650 0.035458796322559 0.019894367886487 0.015564428436072
3.700 0.034585722662839 0.019894367886487 0.014691354776353
3.750 0.035446702321110 0.019894367886487 0.015552334434623
3.800 0.034343028097550 0.019894367886487 0.014448660211064
3.850 0.034983969012676 0.019894367886487 0.015089601126189
3.900 0.035411797467314 0.019894367886487 0.015517429580827
3.950 0.034735273149112 0.019894367886487 0.014840905262625
4.000 0.034580104745166 0.019894367886487 0.014685736858679
4.050 0.034146391398116 0.019894367886487 0.014252023511629
4.100 0.035303530298812 0.019894367886487 0.015409162412325
4.150 0.034714471783415 0.019894367886487 0.014820103896928
4.200 0.034348724659232 0.019894367886487 0.014454356772745
4.250 0.033547766897555 0.019894367886487 0.013653399011069
4.300 0.035437088084151 0.019894367886487 0.015542720197664
4.350 0.035375626739580 0.019894367886487 0.015481258853093
4.400 0.035160357872834 0.019894367886487 0.015265989986347
4.450 0.035115863154299 0.019894367886487 0.015221495267812
4.500 0.034561991766131 0.019894367886487 0.014667623879644
4.550 0.035237162641508 0.019894367886487 0.015342794755021
4.600 0.033474796156468 0.019894367886487 0.013580428269981
4.650 0.035328191564546 0.019894367886487 0.015433823678059
4.700 0.035346476884504 0.019894367886487 0.015452108998017
4.750 0.035021784961562 0.019894367886487 0.015127417075075
4.800 0.034984376208771 0.019894367886487 0.015090008322284
4.850 0.034240979034840 0.019894367886487 0.014346611148353
4.900 0.035137794011944 0.019894367886487 0.015243426125457
4.950 0.035096770410319 0.019894367886487 0.015202402523832
5.000 0.035240401672461 0.019894367886487 0.015346033785974
The Data for RKF8 Euler
0.00 0.020000000000000 0.020000000000000 0.000000000000000
0.05 0.020092621021076 0.019894367886487 0.000198253134590
0.10 0.020083519853765 0.019894367886487 0.000189151967278
0.15 0.019727978474975 0.019894367886487 -0.000166389411512
0.20 0.019943739289882 0.019894367886487 0.000049371403395
0.25 0.019703462070225 0.019894367886487 -0.000190905816261
0.30 0.019576000093419 0.019894367886487 -0.000318367793068
0.35 0.019332494724554 0.019894367886487 -0.000561873161932
0.40 0.019944777386937 0.019894367886487 0.000050409500450
0.45 0.019853628426751 0.019894367886487 -0.000040739459736
0.50 0.019262089375956 0.019894367886487 -0.000632278510531
0.55 0.019944217108780 0.019894367886487 0.000049849222293
0.60 0.019504271183645 0.019894367886487 -0.000390096702842
0.65 0.020209730890545 0.019894367886487 0.000315363004058
0.70 0.019386074215360 0.019894367886487 -0.000508293671127
0.75 0.019669272926070 0.019894367886487 -0.000225094960417
0.80 0.019994608013375 0.019894367886487 0.000100240126888
0.85 0.019428155174882 0.019894367886487 -0.000466212711605
0.90 0.019433990271865 0.019894367886487 -0.000460377614622
0.95 0.020111106829897 0.019894367886487 0.000216738943410
1.00 0.019884273743001 0.019894367886487 -0.000010094143486
1.05 0.019387029723010 0.019894367886487 -0.000507338163477
1.10 0.019980431299565 0.019894367886487 0.000086063413078
1.15 0.020335306440768 0.019894367886487 0.000440938554281
1.20 0.019536497189885 0.019894367886487 -0.000357870696602
1.25 0.020245693316187 0.019894367886487 0.000351325429700
1.30 0.019638435422633 0.019894367886487 -0.000255932463854
1.35 0.020159615109419 0.019894367886487 0.000265247222933
1.40 0.019578349849823 0.019894367886487 -0.000316018036664
1.45 0.019990013593613 0.019894367886487 0.000095645707127
1.50 0.019967824556425 0.019894367886487 0.000073456669938
1.55 0.019772619350681 0.019894367886487 -0.000121748535806
1.60 0.020429688268186 0.019894367886487 0.000535320381700
1.65 0.019580834875254 0.019894367886487 -0.000313533011233
1.70 0.019563319839489 0.019894367886487 -0.000331048046998
1.75 0.020252388684518 0.019894367886487 0.000358020798031
1.80 0.020068980047538 0.019894367886487 0.000174612161051
1.85 0.020164248817724 0.019894367886487 0.000269880931237
1.90 0.019684107739211 0.019894367886487 -0.000210260147276
1.95 0.019409185854666 0.019894367886487 -0.000485182031821
2.00 0.019742681723629 0.019894367886487 -0.000151686162858
2.05 0.019691559082050 0.019894367886487 -0.000202808804437
2.10 0.019888932236210 0.019894367886487 -0.000005435650277
2.15 0.019778074037507 0.019894367886487 -0.000116293848979
2.20 0.020344487549686 0.019894367886487 0.000450119663199
2.25 0.020195486419894 0.019894367886487 0.000301118533407
2.30 0.019572011515891 0.019894367886487 -0.000322356370596
2.35 0.019851700891494 0.019894367886487 -0.000042666994993
2.40 0.019862485120955 0.019894367886487 -0.000031882765532
2.45 0.019838135712003 0.019894367886487 -0.000056232174484
2.50 0.019738100159074 0.019894367886487 -0.000156267727413
2.55 0.019878911048898 0.019894367886487 -0.000015456837589
2.60 0.019909790872757 0.019894367886487 0.000015422986270
2.65 0.020154522811158 0.019894367886487 0.000260154924671
2.70 0.019526312230958 0.019894367886487 -0.000368055655529
2.75 0.019765872622459 0.019894367886487 -0.000128495264028
2.80 0.019860198821130 0.019894367886487 -0.000034169065357
2.85 0.019409250428339 0.019894367886487 -0.000485117458148
2.90 0.020147252809617 0.019894367886487 0.000252884923130
2.95 0.019923849206495 0.019894367886487 0.000029481320008
3.00 0.019515822724294 0.019894367886487 -0.000378545162193
3.05 0.019532594566314 0.019894367886487 -0.000361773320173
3.10 0.020284447180693 0.019894367886487 0.000390079294206
3.15 0.019549911490029 0.019894367886487 -0.000344456396458
3.20 0.019493621697408 0.019894367886487 -0.000400746189079
3.25 0.019932200703318 0.019894367886487 0.000037832816831
3.30 0.019910227410222 0.019894367886487 0.000015859523735
3.35 0.019516650230742 0.019894367886487 -0.000377717655745
3.40 0.019322737121374 0.019894367886487 -0.000571630765113
3.45 0.019660563713100 0.019894367886487 -0.000233804173387
3.50 0.019721698127410 0.019894367886487 -0.000172669759077
3.55 0.020266485982943 0.019894367886487 0.000372118096456
3.60 0.019668844043061 0.019894367886487 -0.000225523843426
3.65 0.019722119924867 0.019894367886487 -0.000172247961620
3.70 0.019645055234264 0.019894367886487 -0.000249312652222
3.75 0.020080488656409 0.019894367886487 0.000186120769922
3.80 0.019723381809309 0.019894367886487 -0.000170986077178
3.85 0.019911815512496 0.019894367886487 0.000017447626009
3.90 0.020328245117075 0.019894367886487 0.000433877230588
3.95 0.019525764501237 0.019894367886487 -0.000368603385250
4.00 0.020049957532455 0.019894367886487 0.000155589645968
4.05 0.019904227622555 0.019894367886487 0.000009859736068
4.10 0.019524631018766 0.019894367886487 -0.000369736867721
4.15 0.019561009705692 0.019894367886487 -0.000333358180795
4.20 0.019266743712497 0.019894367886487 -0.000627624173990
4.25 0.020085324930647 0.019894367886487 0.000190957044160
4.30 0.020193968289557 0.019894367886487 0.000299600403070
4.35 0.019632373190285 0.019894367886487 -0.000261994696201
4.40 0.019289428914203 0.019894367886487 -0.000604938972284
4.45 0.019889734256993 0.019894367886487 -0.000004633629494
4.50 0.019996869026920 0.019894367886487 0.000102501140434
4.55 0.020091672691895 0.019894367886487 0.000197304805408
4.60 0.019813444373752 0.019894367886487 -0.000080923512735
4.65 0.019861220917527 0.019894367886487 -0.000033146968960
4.70 0.020176520495207 0.019894367886487 0.000282152608720
4.75 0.020067503949975 0.019894367886487 0.000173136063488
4.80 0.019993848485459 0.019894367886487 0.000099480598973
4.85 0.019557719968362 0.019894367886487 -0.000336647918124
4.90 0.019934895435785 0.019894367886487 0.000040527549299
4.95 0.020431907315632 0.019894367886487 0.000537539429145
5.00 0.020027808918148 0.019894367886487 0.000133441031662
